bitcoin: 14386.78648 CAD
Coffee: 3.475411278919599E-4 bitcoin
ethereum: 1109.040482 CAD
Coffee: 0.0045084017050335224 ethereum
ripple: 1.2114695184000002 CAD
Coffee: 4.127218988228074 ripple
litecoin: 268.841128 CAD
Coffee: 0.018598344818728775 litecoin
dogecoin: 0.0069129104000000005 CAD
Coffee: 723.2843637030214 dogecoin
